6
7
7 7 7 7 7 7 1 => 6

7 7 7 7 7 7 1
0 7 7 7 7 7 2
0 0 7 7 7 7 3
0 0 0 7 7 7 4
0 0 0 0 7 7 5
0 0 0 0 0 7 6
0 0 0 0 1 0 6

7
7
7 7 7 7 7 7 7 => 7

7 7 7 7 7 7 7
0 7 7 7 7 7 8
0 0 7 7 7 8 8
0 0 0 7 8 8 8
1 0 0 0 8 8 8
1 1 0 0 1 8 8
1 1 1 0 1 1 8
1 1 1 1 1 1 1

8
7
13 7 7 7 7 7 7 => 7

13 7 7 7 7 7 7
6 8 7 7 7 7 7
6 1 8 7 7 7 7
6 1 1 8 7 7 7
6 1 1 1 8 7 7
6 1 1 1 1 8 7
6 1 1 1 1 1 8
6 2 1 1 1 1 1




9
7
13 13 7 7 7 7 7 => 8

13 13 7 7 7 7 7
6 13 7 7 7 7 8
6 6 7 7 7 8 8
6 6 7 7 8 8 1
6 6 7 8 8 1 1
6 6 8 8 1 1 1
6 6 9 1 1 1 1
6 7 2 1 1 1 1
6 1 2 2 1 1 1

13
7
13 13 13 13 13 13 7 =>  9

13 13 13 13 13 13 7
6 13 13 13 13 13 8
6 6 13 13 13 13 9
6 6 6 13 13 13 10
6 6 6 6 13 13 11
6 6 6 6 6 13 12
6 6 6 6 6 6 13
7 6 6 6 6 6 6
1 7 6 6 6 6 6
2 1 6 6 6 6 6


14
7
13 13 13 13 13 13 13 => 14

13 13 13 13 13 13 13
6 14 13 13 13 13 13
6 7 14 13 13 13 13
6 7 7 14 13 13 13
6 7 7 7 14 13 13
6 7 7 7 7 14 13
6 7 7 7 7 7 14
7 7 7 7 7 7 7






13 7 7 7 7 7 7 => 7
13 13 7 7 7 7 7 => 8





8
7

